0.3789324475439005
1.2515088399732657
1.141175211501068
1.0596884508767195
1.2921091297346727
1.17281679548166
1.019291100759851
0.9682708067898547
1.414183389460891
1.2622424266138008
1.073974773324154
1.2393410268643195
1.597518296720824
1.4507808335641093
0.9716119277267492
0.8113477964596587
1.1995969891091907
0.9308986563213492
1.1944117804299434
1.338556390719376
1.096769468448425
0.8673058862622047
1.1402110479052927
1.448598342376891
1.187283753265159
1.2653709519783622
1.3665872436226976
1.2048614720171469
1.2927286531552942
1.2120704072602617
1.3480259623182476
1.3144346715499182
0.48794774540743685
1.0974532214861892
1.1903673584746737
1.0086482234493825
0.812830023265971
0.960462644775847
1.3023829591320424
1.3581771603204633
1.2261559484113602
0.790140972147665
1.5037989108550676
1.198935081926323
1.2808002565623404
0.987128944595497
1.36511025553584
0.8040434234970967
1.3936039676608853
0.9468025464447443
1.2884289738430679
1.289911954797817
1.0943150508490564
1.243138860989911
1.4863038234376256
1.3646055272074522
1.2231089968441664
1.228951902650998
0.8850639883864057
1.217132548128668
1.4725321696619296
1.267135729217919
1.5886404686187567
1.086396837221339
1.4228540601094042
1.1111180023597
0.9527093000913642
1.3058585978213328
1.0276410882742324
1.1576767240572703
1.261169737651828
0.8680886300562775
1.3165055193160722
1.0671770659221798
0.9795500770714249
1.2455020970163113
1.1952092879557588
1.1603162451667444
0.7621942298761403
0.9873252458567785
1.169124877188799
1.3502630535069513
1.1203790196220438
1.2272289146133961
1.190994908392812
1.1865926063607337
0.6806483969280347
1.5046354432433127
1.1842968472697861
1.2703800746485843
1.4977951179579858
1.3209209452622446
1.0261250843032466
1.3312332609147988
1.314502756468756
1.210377506878394
1.1643793199955492
1.3426087427948081
1.3221908792763428
1.5158218349478112
0.9703932131717526
1.1924328643357398
1.3745283813898084
0.8981546233927641
1.3436194031021023
0.9261059016375478
1.0996934846270403
1.4216306458376624
1.3577753571682671
1.5320784784653598
1.4133517465532843
1.3690592098421248
1.2109885587634064
0.551083483746564
0.6660099342585966
1.2473451186098388
1.1862865220296848
1.234648841707963
1.1270769239005665
1.2845568563427054
1.340998107587539
1.4087376554731992
0.9755719099091138
1.1787885662819473
0.8271202358835827
1.4198260891327914
1.6538132535368004
1.4672720754467345
0.9142135006465496
1.333525605991382
1.3309195059083783
1.284727772990344
1.3268529476867676
1.0607976599343394
1.181959372725156
1.4600670420667656
1.532908276241938
0.820875735212071
1.2569805450575868
1.655836790206729
1.4388742052357133
1.457723392789902
1.1605481165291445
