0.3703092687744979
1.216082850252241
0.009873164583721623
1.086581088548534
1.2501552384863992
1.0974008601698753
1.0516830580169882
0.9131897843888759
1.349701928031688
1.2733677037144424
0.9890174546553815
1.1947225259655248
1.594785215153371
0.9934368817192297
1.0217643141668673
0.8137324794508815
1.1901371188221244
0.9595631978196713
1.200164529338841
1.3570054138153955
1.0590174990118224
0.8852573106781237
0.9866608905925037
1.4605249166765213
1.1910156062030781
1.2696343085610873
1.3645890112388215
0.7496542068903449
1.2149421056739327
0.7400799487763695
0.7624630757939179
1.3035169925684225
0.5185364937759724
1.06259607148411
0.5508871969429554
0.8863252079078366
0.7547352269518246
1.025242532403327
0.8464219655220434
1.3222854506361628
0.90531071277946
0.8104205673519587
1.4607833077267856
1.2004727744234833
0.09968681136786484
0.9733933701924444
1.2656249639694106
0.8195548123145566
1.3336905342044008
0.5778356353522703
1.0361886220413454
1.2567426938775421
0.8480328232475618
1.1934293142515238
1.0481733996827478
1.3580668976178536
1.2071920955738493
1.239608680315364
0.822613542198788
1.2146148336267062
0.9788819528957587
1.2381624656204901
1.2777574894633767
0.9147694719611041
1.3397799185931698
0.39908402803373333
0.9320970065722035
1.3197944621380016
0.9213663028408656
1.1921393514714362
0.461661606782321
0.8768460265439978
1.190099093064188
1.0600736327922693
0.9778028716823772
1.2432279821520722
0.9755226777067741
1.0003075520984492
0.7705169505636007
0.8657526989963673
0.5667514572805598
1.257762795743493
1.065267396059538
1.2284905056767275
1.0989072562233266
0.6276729266219297
0.6714283583513836
1.5030227123605662
1.1400335381555287
1.2765263428634654
1.494548724313722
1.20023511327044
1.0084198334866719
1.2881673559152407
1.3190352004238084
1.1604468772911978
0.8483324563488749
1.1823046049636907
1.0402077598881578
0.6476187363435973
0.9476641488340765
0.43202970590137674
1.3742626413022807
0.8725519987465039
1.0777383755884855
0.796087441826559
1.0661983813705127
1.414110818349083
1.3686039890452617
1.4540964567313432
1.335429763653432
0.9047575236319872
1.175741755023789
0.5582396159149792
0.6824385040316129
1.2343566380900854
1.1118161487477758
1.2631962782409722
1.1145923966302684
1.236854193755501
1.2110145059505462
1.4221124002708885
0.2106361576599924
1.1537571364569132
0.8566852924901341
1.4120346476849126
1.4277744743293057
1.4590640876406258
0.7318996570454007
1.33403785505886
1.338286103669733
0.9400163662140136
1.3185577699463258
1.0486661582619334
1.1738422762570873
1.3563802567233758
1.4386914726083653
0.5349400404897034
1.19926979034589
1.5306876692942706
1.3321866741611248
1.442350592477879
1.160477945870234
