0.986918241820035
1.5968618290732863
1.1535634265031878
0.7024965312567834
0.8608881039980484
0.826733687164163
1.2995003385544965
1.4311923101456159
0.8331948886310134
0.39381326764627267
0.5141077823948594
0.9927529380288554
0.7518544299617663
1.1453534461073047
1.1337516181715819
0.42186972056704053
0.9234248971611918
1.0693315090369182
1.2662139257560783
0.7937452500014758
0.8359390598816513
1.188624215622748
1.013329226875128
0.6707128713264375
1.2488066208085675
0.9336798733687642
1.074033025935834
1.3119997016465945
0.5821979788080187
0.8571327691867854
1.056529929300372
1.3212508395873284
1.3539022080730096
0.8034451752936075
1.0721995844163343
0.9979731540516315
0.6469877402314744
0.9205086436611563
0.7651526087888645
0.8623892990113947
1.1039533616903305
0.886221593340352
1.0240786698607698
0.686179206250997
0.6571311155760824
0.6577304382890727
1.0127263172960785
0.8308345663415895
0.1928140838128223
1.3337670359694633
1.3253972555767886
0.3535584233089268
1.2649104218843623
0.6406097781523675
1.1403580585518063
0.3469817956625319
0.19107353179794226
1.1215522759710834
0.9033689410393612
1.1760423361778851
0.9701837107247163
1.0925295789209024
0.8941187512936566
1.3184309012084472
1.0894622394538875
1.0965262442542192
1.0304727881142421
1.3647027859022225
0.8958391908227481
1.3690104646341268
1.2871361320914105
1.151543707505771
1.4168315938288802
0.8746737347575363
1.4717054032653687
0.6447511220768242
0.7825020650011664
0.7581843629967181
1.0958477212066382
1.0425929820408386
0.8541040470295972
1.2282176778177203
0.7944727951022639
0.5289755007873472
1.1506704595136978
0.9935894684497295
1.3383292135335014
0.7579848047440408
1.3566036488647284
0.9977910249813415
1.167055816371694
0.6519149441660491
1.1339014700723002
0.8673592832248206
0.14298882007441943
1.156138213062555
0.4720639421145506
0.9174714173508518
0.6176622065873083
1.0434820437073158
0.962199316804609
1.132610458799975
1.0816625988166622
1.0189721608995426
0.9720959319608435
1.3544394718577177
1.069108012928915
0.8071671999583326
0.816866602704173
0.83564515306285
0.6150519009477364
0.637574886278806
1.2343067013903106
1.0443400143791655
1.1572260129627625
1.2522526789073525
1.1503126358466509
0.7371555314022946
1.2228498332922468
