0.9858901564481288
1.580997700004927
1.4141196181525484
1.0777023573761537
0.8529721690776197
0.7900569174732465
1.4458203764847621
1.5102858905259398
0.8143758739217374
0.4830390857610584
0.7583363441262277
1.0143391794314716
0.7302932976122158
1.1787779642903022
1.1434868396924043
1.0754797316057612
0.9505109980820402
1.2599253817473715
1.2752004377739927
0.7974924967881359
0.8406094743813852
1.2005179255973268
1.0077405448509236
0.7552015778303125
1.3669546317983339
1.0361957617997855
1.1118763919117578
1.40954064043064
1.1503664182818347
0.8683517151388805
1.107554939979595
1.5677713065942867
1.3800783481321777
0.9359835073485918
1.0851156726475875
1.0651479723774209
0.931724073275124
1.0065059024482559
0.7338868046308366
0.816513363646595
1.1734448683723995
0.8920255247566974
1.0299282882870568
0.6922812273088754
0.7731601945643594
1.169440384882104
1.0652992346353696
1.1091580045328469
1.0931720828241913
1.5525973302536087
1.3733414528696424
1.0541507510454786
1.5235005352259319
0.6456946666355649
1.251581131041982
1.2427758581890873
1.3662331633194622
1.2661560948800212
1.045741518316444
1.1698289119717575
1.1231096042112005
1.1161224811846404
0.9671865721710495
1.5043787818610637
1.4083636053307982
1.4850696124406237
1.0680775597841887
1.4811910912394206
0.9205834158627327
1.2926771234564984
1.2793833916226942
1.1563393824053583
1.423456842584092
0.8842696102579732
1.5785457742470295
0.6424853765648119
0.8261031940161686
0.705239911937086
1.3580870979505535
1.089677596447977
0.8413685476805765
1.2235681720241844
0.8030961602433243
1.0384216444084906
1.2027873557857958
1.004311784148213
1.3746533590128422
0.8647180951588017
1.3552410561071322
1.0215711480220249
1.1915172985302627
0.8436520462490302
1.2526681915628917
0.9495847072130075
1.1075694502571656
1.2537883947759392
1.1155828629575877
0.8937647481425731
0.6623321647705078
1.0237446626894706
0.9214084637250836
1.1779459527500031
1.0948449035542716
1.158611341957909
1.0953467599942392
1.3231483374822726
1.1638045676577076
0.7776081887586024
1.4162093873075
1.221895840269817
0.9561635090894934
0.625133082930172
1.234088900960613
1.1023750962828989
1.1654670968371388
1.2886012909315039
1.160738859424992
0.7842327214527162
1.2204788467626815
